# Created by Octave 9.1.0, Sun Dec 15 16:16:01 2024 GMT <unknown@P_STPC1-a>
# name: H
# type: complex matrix
# rows: 64
# columns: 8
 (0.37920695715676805,-0.6734054042350982) (-1.0563953074114429,-0.5315196846292628) (1.1097462027559934,0.35097518114143311) (-1.6510276685045073,0.16990400636112185) (-1.2224733697678363,-1.1379506952596723) (-0.58177843359012238,0.32500259644856072) (-0.67481266686280761,-1.1513114886080642) (0.45577874421468623,0.050040944665628695)
 (-0.058408718294027058,0.019976077100470942) (0.48000620233020252,0.0033573568186181708) (-0.61997852767029837,-0.84767690333160972) (-0.12855585865960228,-0.31733959311197246) (0.22536050483829789,0.32992369028934204) (0.062393626997364268,1.4412759067094147) (-0.35500213492408722,0.73445011364562773) (-0.19315107319334096,0.35835564678058973)
 (0.77100311778599639,-1.3834830267445513) (-0.069577272679260019,-0.049996322569493996) (-0.44190131191078591,1.4789913970407444) (-0.85034492582671772,0.95899956201210623) (0.93556120743306403,0.03207011292144727) (0.47640865091277973,-0.21026664698514913) (-0.11647822993367134,0.72799021564127708) (-0.40054424081186346,1.1965420005010259)
 (0.087996518472449561,0.53524125969470726) (0.34311224306565435,-0.53288171285350627) (-0.020769307947080914,0.44682206091176019) (0.36760560395213937,0.34059201937961575) (0.095922310007918996,0.35145780771790752) (-0.92636175258515763,-0.36930980687572929) (1.1572388656638817,0.085361441631062213) (1.0717952752501412,0.50063389710211115)
 (-0.37568384610550831,0.35458978051545725) (-0.59066622721069217,0.17408808825524269) (0.23757745072585595,0.56001859967969514) (-0.21456352818928667,0.69666716742838675) (0.41942635151859203,-0.33867484637652479) (-1.0417683431251576,-0.54168426188665542) (0.12179921478322968,-0.24605075425979578) (0.090566365311894242,-0.041804618228885211)
 (-0.60394696172587747,1.1267075800406057) (-0.11213368488686594,-0.65667321132549383) (0.38459797674221508,-0.43219555549876565) (0.010411269913537463,-0.38511108652845505) (0.1218506689825091,-0.29079319330200859) (0.041343755634856441,-0.3146609147885378) (0.76788393297683533,0.31263019868513525) (0.34153109729478215,-0.51232609323922262)
 (-0.60770721364614755,0.85656002406997545) (-1.5722050944245471,0.48878603007380372) (0.20760088114251532,1.0712081968996994) (0.96602133179197713,0.38918091754443296) (0.9645493894428131,0.509172332478534) (1.5240454955115372,0.13367359334359763) (-0.13463639670233868,-1.0231755923865389) (0.18368874039605407,-1.3304972423013668)
 (-0.36328185522159556,-0.047981690816256188) (0.69413147450918333,-0.26073032058600798) (0.52408955779900523,0.41530788817764502) (-0.45343830753985359,-0.8359547134975589) (-0.55971511940493135,-0.41724577215754755) (-0.69024801223658538,0.30665565167599801) (-0.08445380117184409,-0.30798549562535743) (0.025650561531856339,0.38426016497168969)
 (0.84441269786604245,0.57692034982537466) (0.20221424133154958,-0.76858875728223319) (-0.20339947833644056,0.11972945154572913) (-0.25716647805801457,0.26427904701343302) (-0.38801916784178719,-0.87924876517500117) (-0.087373041173479521,0.74209892595099913) (-0.36626763444311145,0.32588828034252915) (-0.0015457962255420283,-0.4175907973040292)
 (-1.4101938795791773,-0.34911222218927962) (1.1192449159409661,-0.67347711154185574) (-0.36872750661495635,0.32018620190118952) (0.23504664965789501,0.23184077518825785) (0.4351812193454529,0.30128059364909898) (0.8667365208544755,-0.73882907740470849) (-1.2134786029920388,-0.27216943493471762) (1.4012351045769478,-0.31254113223189489)
 (0.083043543580456958,-0.77444818321670172) (-0.77752993649931479,-0.11418922467860675) (0.00021735335011493801,-1.5744851839392202) (0.42966884904941099,1.3134023852377383) (-0.17184086901100112,-0.10689937506037413) (0.50597350486916193,0.83343613706816377) (0.10755354704774969,0.88667264521972533) (0.68127215970134458,0.52278769440294548)
 (-0.070117984897788116,0.46131199414185903) (-0.74350797095579968,1.3902332157722272) (-0.31516764928850383,-0.18188321594789694) (-1.0273945585335824,-0.26565167761755182) (-0.19538829451424089,0.74725339011415359) (0.079899505881639243,-0.77867739135814362) (0.66719851007548292,0.28123394164593885) (-0.66102754099399186,-0.18874659659378781)
 (0.062271003933145899,-0.28311692686023149) (0.030943304099831519,0.36919713384309238) (-0.72264770899355113,-0.37900755675624365) (-0.048475212263466218,-0.14645620547820276) (-0.027332392308715765,-1.1477115087836456) (-0.87347328947989122,-0.080948152596916512) (0.06177133561158582,-0.49525540681827757) (1.0240120434829521,0.34824927501074493)
 (0.85550803629157368,0.49066603655120722) (0.91333893816224021,0.27762979593357495) (-0.11738651231700288,0.76027935321367157) (-0.28348091067462178,0.47014198269919216) (0.56126498624288279,0.6986084436170289) (0.52202975815126706,1.4418473706525128) (0.025532890174941463,0.28838378062224124) (-0.23873520824683206,0.9688521067396858)
 (0.18203470713414294,-0.6097619227336647) (0.07541253107996318,0.0036497001345221782) (-0.54017656014330884,0.32514176840352316) (0.33563887039155876,-0.098874380909550655) (-0.13353508243242743,0.044720367239498425) (-0.4814242250572151,-0.010603087133314157) (-0.61515939550216769,-0.55351379741469409) (0.13150238983035267,-1.0479553339534415)
 (0.92622363953818732,0.50664110808398122) (0.32884720384372385,-0.27321442420147385) (-0.11654257569815454,-0.37764117522258361) (0.019101908998066547,0.86273766768430193) (-0.36356862585382133,0.85792482849364826) (0.74002100589244613,-0.78036086369157909) (1.8139958419846627,0.58518605842367033) (-0.32123580280886949,0.32922802479725716)
 (-0.58600234203979307,-0.10894248437595118) (0.90648525470567565,-0.43125432139546982) (0.12184875623701238,0.77406248363025021) (-1.6212907993495773,1.2931758697003208) (-0.67771301635368364,-0.023127375172132782) (0.61046218544680786,-0.055379270828033317) (0.34321679451834808,-1.2024607976644208) (0.086574406139385759,-0.57891550791804236)
 (-0.11549401169704676,-0.23329697707517225) (-0.4798123226952658,1.1061374078841621) (1.0375367750323943,-0.41769484737848389) (-1.247243683993478,0.35176688397648082) (0.078268317295860867,-0.15247804334492571) (-1.1898655777604137,1.0566997858055502) (-0.35502917988551091,-0.023601649972139899) (0.21892717085960284,0.72564062504002835)
 (0.82443538517875681,-0.66381775993434522) (-0.21816902711369557,-0.50278790023403241) (-0.2058433171886053,-0.0071007315299279668) (-0.19557422664995447,0.57491458245300042) (1.0383462562170485,-0.6403287494036547) (1.1344242274028995,-0.2675099271611201) (-0.6410573636763085,-1.9163145793388763) (0.19301240893541474,1.0634703381942443)
 (0.37447991616445658,-0.81258911726042227) (0.2622748815049592,-0.44412227359779882) (-0.99016796974813348,-0.3075607512248541) (0.45088343940026965,1.2891638796834806) (0.65226194953808936,0.53671062433590644) (0.055608041234887072,0.57489721027699026) (0.69858134571413155,0.24945584767084372) (0.11211734249165377,-0.97449488753885471)
 (-0.36666946844591486,-0.23998203409644336) (-0.63245669576975849,0.0090505892780116809) (-1.4943807658366286,-1.0772952665762561) (-0.29288607996075272,0.37791519520844646) (-0.35717134523721999,1.4347037435764614) (-0.4257222084598356,0.74387490620302399) (-1.6868470380116394,-0.70250019335854341) (0.73575615888992041,-0.46821214007027523)
 (0.25939321452668512,-1.1146787507069014) (0.43602274026771481,0.10180693435865773) (-0.59672452001964638,0.93716870465265389) (-0.013384381204698394,-0.72645092868443562) (1.1310626310513179,-0.7787662119403399) (0.94444097712091102,-0.055639714005172654) (1.105940725773185,1.2215765804148313) (1.2017408239858058,0.68981278988677641)
